1,370.59,42
1,370.845,40
1,371.1,41
1,371.355,36
1,371.61,39
1,371.865,40
1,372.12,40
1,372.375,38
1,372.63,37
1,372.885,40
1,373.14,36
1,373.395,32
1,373.65,40
1,373.905,39
1,374.16,41
1,374.415,47
1,374.67,37
1,374.925,48
1,375.18,35
1,375.435,45
1,375.69,37
1,375.945,33
1,376.2,36
1,376.455,39
1,376.71,34
1,376.964,36
1,377.219,32
1,377.474,48
1,377.729,38
1,377.984,33
1,378.239,36
1,378.494,40
1,378.748,38
1,379.003,54
1,379.258,42
1,379.513,46
1,379.768,46
1,380.022,36
1,380.277,43
1,380.532,31
1,380.787,44
1,381.041,28
1,381.296,59
1,381.551,42
1,381.806,34
1,382.06,37
1,382.315,43
1,382.57,33
1,382.824,40
1,383.079,46
1,383.334,47
1,383.588,39
1,383.843,35
1,384.098,39
1,384.352,37
1,384.607,47
1,384.862,41
1,385.116,37
1,385.371,37
1,385.625,44
1,385.88,30
1,386.135,55
1,386.389,45
1,386.644,42
1,386.898,44
1,387.153,47
1,387.407,51
1,387.662,42
1,387.916,37
1,388.171,48
1,388.425,45
1,388.68,42
1,388.934,39
1,389.189,37
1,389.443,40
1,389.698,47
1,389.952,43
1,390.207,44
1,390.461,47
1,390.716,57
1,390.97,37
1,391.225,45
1,391.479,35
1,391.733,44
1,391.988,50
1,392.242,43
1,392.497,50
1,392.751,48
1,393.005,57
1,393.26,52
1,393.514,45
1,393.768,38
1,394.023,44
1,394.277,37
1,394.531,55
1,394.786,55
1,395.04,59
1,395.294,47
1,395.549,49
1,395.803,52
1,396.057,57
1,396.311,46
1,396.566,43
1,396.82,58
1,397.074,52
1,397.328,57
1,397.583,48
1,397.837,54
1,398.091,44
1,398.345,43
1,398.599,47
1,398.853,42
1,399.108,48
1,399.362,61
1,399.616,53
1,399.87,46
1,400.124,60
1,400.378,50
1,400.633,61
1,400.887,49
1,401.141,58
1,401.395,55
1,401.649,60
1,401.903,58
1,402.157,53
1,402.411,59
1,402.665,54
1,402.919,50
1,403.173,52
1,403.427,67
1,403.681,55
1,403.935,62
1,404.189,59
1,404.443,46
1,404.697,66
1,404.951,62
1,405.205,49
1,405.459,57
1,405.713,64
1,405.967,57
1,406.221,75
1,406.475,61
1,406.729,57
1,406.983,55
1,407.237,76
1,407.491,63
1,407.745,56
1,407.999,60
1,408.252,64
1,408.506,63
1,408.76,72
1,409.014,69
1,409.268,64
1,409.522,58
1,409.775,65
1,410.029,64
1,410.283,58
1,410.537,63
1,410.791,69
1,411.045,61
1,411.298,61
1,411.552,58
1,411.806,54
1,412.06,61
1,412.313,61
1,412.567,65
1,412.821,70
1,413.075,63
1,413.328,60
1,413.582,59
1,413.836,60
1,414.089,60
1,414.343,64
1,414.597,58
1,414.85,60
1,415.104,58
1,415.358,64
1,415.611,55
1,415.865,58
1,416.119,58
1,416.372,61
1,416.626,66
1,416.879,64
1,417.133,59
1,417.387,52
1,417.64,57
1,417.894,52
1,418.147,62
1,418.401,62
1,418.654,66
1,418.908,60
1,419.162,61
1,419.415,54
1,419.669,58
1,419.922,62
1,420.176,56
1,420.429,59
1,420.683,61
1,420.936,54
1,421.189,53
1,421.443,56
1,421.696,51
1,421.95,44
1,422.203,53
1,422.457,61
1,422.71,56
1,422.963,57
1,423.217,50
1,423.47,52
1,423.724,50
1,423.977,43
1,424.23,50
1,424.484,48
1,424.737,49
1,424.99,57
1,425.244,48
1,425.497,52
1,425.75,40
1,426.004,52
1,426.257,55
1,426.51,56
1,426.764,54
1,427.017,48
1,427.27,56
1,427.523,55
1,427.777,41
1,428.03,52
1,428.283,55
1,428.536,48
1,428.79,44
1,429.043,49
1,429.296,40
1,429.549,60
1,429.802,40
1,430.056,57
1,430.309,48
1,430.562,40
1,430.815,57
1,431.068,51
1,431.321,49
1,431.575,52
1,431.828,52
1,432.081,52
1,432.334,55
1,432.587,51
1,432.84,48
1,433.093,46
1,433.346,54
1,433.599,54
1,433.852,44
1,434.105,57
1,434.358,55
1,434.612,60
1,434.865,64
1,435.118,59
1,435.371,55
1,435.624,47
1,435.877,59
1,436.13,59
1,436.383,56
1,436.635,55
1,436.888,59
1,437.141,61
1,437.394,66
1,437.647,62
1,437.9,65
1,438.153,68
1,438.406,59
1,438.659,65
1,438.912,68
1,439.165,72
1,439.418,69
1,439.671,59
1,439.923,76
1,440.176,78
1,440.429,79
1,440.682,78
1,440.935,88
1,441.188,84
1,441.44,80
1,441.693,86
1,441.946,76
1,442.199,91
1,442.452,95
1,442.704,86
1,442.957,86
1,443.21,95
1,443.463,91
1,443.715,97
1,443.968,104
1,444.221,113
1,444.474,111
1,444.726,107
1,444.979,112
1,445.232,111
1,445.484,118
1,445.737,119
1,445.99,123
1,446.242,130
1,446.495,136
1,446.748,130
1,447,134
1,447.253,151
1,447.506,139
1,447.758,151
1,448.011,140
1,448.263,143
1,448.516,145
1,448.769,147
1,449.021,154
1,449.274,167
1,449.526,172
1,449.779,170
1,450.031,148
1,450.284,171
1,450.536,175
1,450.789,178
1,451.041,192
1,451.294,176
1,451.546,206
1,451.799,188
1,452.051,198
1,452.304,205
1,452.556,204
1,452.809,199
1,453.061,212
1,453.314,216
1,453.566,233
1,453.818,228
1,454.071,234
1,454.323,234
1,454.576,227
1,454.828,245
1,455.08,252
1,455.333,250
1,455.585,259
1,455.838,269
1,456.09,267
1,456.342,268
1,456.595,277
1,456.847,272
1,457.099,276
1,457.351,285
1,457.604,287
1,457.856,295
1,458.108,308
1,458.361,317
1,458.613,311
1,458.865,315
1,459.117,327
1,459.37,326
1,459.622,341
1,459.874,343
1,460.126,347
1,460.378,347
1,460.631,361
1,460.883,370
1,461.135,375
1,461.387,377
1,461.639,377
1,461.892,372
1,462.144,405
1,462.396,392
1,462.648,411
1,462.9,406
1,463.152,429
1,463.404,426
1,463.656,427
1,463.909,440
1,464.161,446
1,464.413,457
1,464.665,466
1,464.917,477
1,465.169,454
1,465.421,479
1,465.673,490
1,465.925,509
1,466.177,484
1,466.429,508
1,466.681,523
1,466.933,524
1,467.185,528
1,467.437,543
1,467.689,548
1,467.941,566
1,468.193,560
1,468.445,577
1,468.697,573
1,468.949,589
1,469.201,610
1,469.453,606
1,469.704,631
1,469.956,621
1,470.208,633
1,470.46,628
1,470.712,654
1,470.964,676
1,471.216,654
1,471.468,681
1,471.719,672
1,471.971,709
1,472.223,702
1,472.475,708
1,472.727,734
1,472.979,732
1,473.23,734
1,473.482,765
1,473.734,790
1,473.986,788
1,474.237,786
1,474.489,774
1,474.741,800
1,474.993,826
1,475.244,824
1,475.496,831
1,475.748,858
1,476,857
1,476.251,853
1,476.503,864
1,476.755,883
1,477.006,902
1,477.258,869
1,477.51,934
1,477.761,926
1,478.013,916
1,478.265,947
1,478.516,944
1,478.768,920
1,479.019,937
1,479.271,966
1,479.523,963
1,479.774,969
1,480.026,996
1,480.277,993
1,480.529,1034
1,480.78,1016
1,481.032,964
1,481.283,1054
1,481.535,1061
1,481.787,1047
1,482.038,1041
1,482.29,1051
1,482.541,1076
1,482.793,1090
1,483.044,1078
1,483.295,1092
1,483.547,1096
1,483.798,1107
1,484.05,1103
1,484.301,1100
1,484.553,1127
1,484.804,1146
1,485.056,1141
1,485.307,1150
1,485.558,1150
1,485.81,1170
1,486.061,1144
1,486.312,1183
1,486.564,1188
1,486.815,1172
1,487.067,1170
1,487.318,1177
1,487.569,1203
1,487.821,1203
1,488.072,1182
1,488.323,1199
1,488.574,1232
1,488.826,1225
1,489.077,1236
1,489.328,1253
1,489.58,1258
1,489.831,1253
1,490.082,1241
1,490.333,1240
1,490.585,1272
1,490.836,1259
1,491.087,1273
1,491.338,1282
1,491.589,1283
1,491.841,1260
1,492.092,1296
1,492.343,1285
1,492.594,1310
1,492.845,1305
1,493.096,1324
1,493.348,1314
1,493.599,1312
1,493.85,1311
1,494.101,1318
1,494.352,1321
1,494.603,1337
1,494.854,1325
1,495.105,1333
1,495.356,1336
1,495.608,1343
1,495.859,1328
1,496.11,1362
1,496.361,1347
1,496.612,1330
1,496.863,1361
1,497.114,1380
1,497.365,1358
1,497.616,1379
1,497.867,1370
1,498.118,1394
1,498.369,1405
1,498.62,1399
1,498.871,1390
1,499.122,1372
1,499.373,1413
1,499.624,1360
1,499.875,1408
1,500.125,1395
1,500.376,1393
1,500.627,1394
1,500.878,1389
1,501.129,1401
1,501.38,1424
1,501.631,1394
1,501.882,1403
1,502.133,1420
1,502.383,1446
1,502.634,1418
1,502.885,1423
1,503.136,1445
1,503.387,1426
1,503.638,1440
1,503.888,1430
1,504.139,1441
1,504.39,1445
1,504.641,1431
1,504.892,1452
1,505.142,1445
1,505.393,1432
1,505.644,1475
1,505.895,1450
1,506.145,1467
1,506.396,1489
1,506.647,1447
1,506.897,1469
1,507.148,1458
1,507.399,1453
1,507.649,1474
1,507.9,1486
1,508.151,1466
1,508.401,1473
1,508.652,1453
1,508.903,1429
1,509.153,1466
1,509.404,1464
1,509.655,1450
1,509.905,1464
1,510.156,1488
1,510.406,1460
1,510.657,1468
1,510.908,1452
1,511.158,1471
1,511.409,1461
1,511.659,1461
1,511.91,1446
1,512.16,1451
1,512.411,1431
1,512.661,1451
1,512.912,1455
1,513.162,1426
1,513.413,1442
1,513.663,1442
1,513.914,1435
1,514.164,1428
1,514.415,1431
1,514.665,1425
1,514.916,1442
1,515.166,1435
1,515.417,1384
1,515.667,1434
1,515.917,1416
1,516.168,1376
1,516.418,1386
1,516.669,1406
1,516.919,1375
1,517.169,1370
1,517.42,1400
1,517.67,1350
1,517.921,1370
1,518.171,1348
1,518.421,1343
1,518.672,1340
1,518.922,1348
1,519.172,1328
1,519.422,1342
1,519.673,1304
1,519.923,1307
1,520.173,1313
1,520.424,1258
1,520.674,1290
1,520.924,1283
1,521.174,1255
1,521.425,1261
1,521.675,1255
1,521.925,1239
1,522.175,1228
1,522.425,1212
1,522.676,1209
1,522.926,1213
1,523.176,1180
1,523.426,1184
1,523.676,1197
1,523.926,1177
1,524.177,1150
1,524.427,1179
1,524.677,1151
1,524.927,1134
1,525.177,1104
1,525.427,1115
1,525.677,1112
1,525.927,1122
1,526.178,1076
1,526.428,1062
1,526.678,1059
1,526.928,1085
1,527.178,1049
1,527.428,1052
1,527.678,1034
1,527.928,1029
1,528.178,1038
1,528.428,1011
1,528.678,1012
1,528.928,994
1,529.178,978
1,529.428,984
1,529.678,974
1,529.928,951
1,530.178,940
1,530.428,938
1,530.678,943
1,530.928,949
1,531.177,930
1,531.427,908
1,531.677,898
1,531.927,896
1,532.177,873
1,532.427,869
1,532.677,886
1,532.927,867
1,533.177,859
1,533.426,867
1,533.676,844
1,533.926,840
1,534.176,819
1,534.426,835
1,534.676,811
1,534.925,820
1,535.175,805
1,535.425,820
1,535.675,807
1,535.924,786
1,536.174,788
1,536.424,755
1,536.674,779
1,536.923,771
1,537.173,749
1,537.423,721
1,537.673,734
1,537.922,727
1,538.172,718
1,538.422,706
1,538.671,693
1,538.921,699
1,539.171,713
1,539.42,676
1,539.67,693
1,539.92,670
1,540.169,684
1,540.419,653
1,540.668,664
1,540.918,645
1,541.168,660
1,541.417,635
1,541.667,617
1,541.916,621
1,542.166,592
1,542.416,598
1,542.665,582
1,542.915,587
1,543.164,590
1,543.414,558
1,543.663,569
1,543.913,561
1,544.162,555
1,544.412,533
1,544.661,537
1,544.911,526
1,545.16,518
1,545.41,543
1,545.659,507
1,545.908,511
1,546.158,490
1,546.407,498
1,546.657,470
1,546.906,483
1,547.156,497
1,547.405,468
1,547.654,476
1,547.904,449
1,548.153,444
1,548.402,447
1,548.652,427
1,548.901,421
1,549.15,431
1,549.4,422
1,549.649,404
1,549.898,397
1,550.148,387
1,550.397,389
1,550.646,371
1,550.896,388
1,551.145,371
1,551.394,364
1,551.643,366
1,551.893,364
1,552.142,344
1,552.391,345
1,552.64,338
1,552.89,327
1,553.139,328
1,553.388,317
1,553.637,324
1,553.886,318
1,554.135,300
1,554.385,298
1,554.634,299
1,554.883,305
1,555.132,284
1,555.381,265
1,555.63,271
1,555.879,268
1,556.129,258
1,556.378,253
1,556.627,247
1,556.876,253
1,557.125,244
1,557.374,238
1,557.623,241
1,557.872,228
1,558.121,228
1,558.37,222
1,558.619,218
1,558.868,218
1,559.117,203
1,559.366,207
1,559.615,200
1,559.864,205
1,560.113,188
1,560.362,201
1,560.611,190
1,560.86,164
1,561.109,182
1,561.358,179
1,561.607,163
1,561.856,163
1,562.105,148
1,562.354,168
1,562.603,163
1,562.851,148
1,563.1,161
1,563.349,151
1,563.598,140
1,563.847,125
1,564.096,131
1,564.345,123
1,564.593,135
1,564.842,116
1,565.091,116
1,565.34,109
1,565.589,127
1,565.838,105
1,566.086,103
1,566.335,95
1,566.584,105
1,566.833,94
1,567.081,97
1,567.33,103
1,567.579,91
1,567.828,96
1,568.076,83
1,568.325,87
1,568.574,84
1,568.822,95
1,569.071,79
1,569.32,82
1,569.568,85
1,569.817,82
1,570.066,75
1,570.314,77
1,570.563,73
1,570.812,77
1,571.06,68
1,571.309,59
1,571.558,86
1,571.806,84
1,572.055,69
1,572.303,60
1,572.552,66
1,572.8,69
1,573.049,61
1,573.298,69
1,573.546,62
1,573.795,73
1,574.043,58
1,574.292,64
1,574.54,56
1,574.789,57
1,575.037,75
1,575.286,56
1,575.534,60
1,575.783,60
1,576.031,63
1,576.28,53
1,576.528,66
1,576.776,71
1,577.025,55
1,577.273,67
1,577.522,74
1,577.77,60
1,578.018,68
1,578.267,71
1,578.515,73
1,578.764,80
1,579.012,72
1,579.26,70
1,579.509,63
1,579.757,66
1,580.005,74
1,580.254,68
1,580.502,64
1,580.75,76
1,580.999,73
1,581.247,83
1,581.495,87
1,581.743,80
1,581.992,96
1,582.24,82
1,582.488,91
1,582.736,96
1,582.985,84
1,583.233,106
1,583.481,102
1,583.729,100
1,583.978,98
1,584.226,113
1,584.474,119
1,584.722,131
1,584.97,108
1,585.218,111
1,585.467,114
1,585.715,129
1,585.963,129
1,586.211,136
1,586.459,133
1,586.707,137
1,586.955,146
1,587.203,145
1,587.452,146
1,587.7,166
1,587.948,151
1,588.196,158
1,588.444,171
1,588.692,168
1,588.94,170
1,589.188,179
1,589.436,187
1,589.684,192
1,589.932,178
1,590.18,183
1,590.428,199
1,590.676,195
1,590.924,202
1,591.172,190
1,591.42,220
1,591.668,234
1,591.916,208
1,592.164,213
1,592.412,240
1,592.659,234
1,592.907,236
1,593.155,241
1,593.403,238
1,593.651,249
1,593.899,269
1,594.147,259
1,594.395,261
1,594.643,278
1,594.89,276
1,595.138,293
1,595.386,293
1,595.634,299
1,595.882,302
1,596.129,300
1,596.377,303
1,596.625,322
1,596.873,316
1,597.121,343
1,597.368,338
1,597.616,341
1,597.864,338
1,598.112,345
1,598.359,356
1,598.607,373
1,598.855,364
1,599.102,381
1,599.35,387
1,599.598,384
1,599.846,386
1,600.093,392
1,600.341,414
1,600.589,430
1,600.836,403
1,601.084,444
1,601.331,440
1,601.579,421
1,601.827,433
1,602.074,461
1,602.322,455
1,602.57,461
1,602.817,482
1,603.065,475
1,603.312,476
1,603.56,514
1,603.807,500
1,604.055,493
1,604.302,514
1,604.55,528
1,604.797,550
1,605.045,544
1,605.293,545
1,605.54,554
1,605.787,555
1,606.035,559
1,606.282,584
1,606.53,569
1,606.777,581
1,607.025,569
1,607.272,599
1,607.52,621
1,607.767,612
1,608.015,626
1,608.262,619
1,608.509,649
1,608.757,654
1,609.004,628
1,609.251,666
1,609.499,679
1,609.746,677
1,609.994,670
1,610.241,700
1,610.488,687
1,610.736,712
1,610.983,696
1,611.23,729
1,611.477,713
1,611.725,734
1,611.972,733
1,612.219,743
1,612.467,732
1,612.714,763
1,612.961,775
1,613.208,783
1,613.456,785
1,613.703,799
1,613.95,785
1,614.197,801
1,614.444,817
1,614.692,818
1,614.939,829
1,615.186,863
1,615.433,857
1,615.68,851
1,615.927,868
1,616.175,884
1,616.422,901
1,616.669,889
1,616.916,895
1,617.163,920
1,617.41,907
1,617.657,932
1,617.904,940
1,618.152,927
1,618.399,938
1,618.646,947
1,618.893,943
1,619.14,994
1,619.387,997
1,619.634,979
1,619.881,997
1,620.128,997
1,620.375,988
1,620.622,1020
1,620.869,1033
1,621.116,1054
1,621.363,1037
1,621.61,1043
1,621.857,1058
1,622.104,1054
1,622.351,1072
1,622.598,1072
1,622.845,1094
1,623.091,1097
1,623.338,1090
1,623.585,1099
1,623.832,1121
1,624.079,1124
1,624.326,1141
1,624.573,1150
1,624.82,1148
1,625.067,1157
1,625.313,1164
1,625.56,1174
1,625.807,1175
1,626.054,1186
1,626.301,1193
1,626.547,1209
1,626.794,1214
1,627.041,1214
1,627.288,1228
