1,370.59,36
1,370.845,30
1,371.1,34
1,371.355,26
1,371.61,31
1,371.865,32
1,372.12,40
1,372.375,27
1,372.63,37
1,372.885,35
1,373.14,24
1,373.395,30
1,373.65,27
1,373.905,39
1,374.16,33
1,374.415,36
1,374.67,31
1,374.925,33
1,375.18,21
1,375.435,39
1,375.69,29
1,375.945,40
1,376.2,29
1,376.455,31
1,376.71,29
1,376.964,29
1,377.219,22
1,377.474,32
1,377.729,38
1,377.984,30
1,378.239,39
1,378.494,42
1,378.748,34
1,379.003,37
1,379.258,32
1,379.513,37
1,379.768,31
1,380.022,30
1,380.277,36
1,380.532,25
1,380.787,36
1,381.041,34
1,381.296,37
1,381.551,33
1,381.806,28
1,382.06,18
1,382.315,31
1,382.57,30
1,382.824,31
1,383.079,38
1,383.334,31
1,383.588,26
1,383.843,31
1,384.098,27
1,384.352,37
1,384.607,32
1,384.862,35
1,385.116,27
1,385.371,29
1,385.625,31
1,385.88,30
1,386.135,42
1,386.389,30
1,386.644,24
1,386.898,27
1,387.153,36
1,387.407,34
1,387.662,34
1,387.916,26
1,388.171,33
1,388.425,34
1,388.68,30
1,388.934,32
1,389.189,35
1,389.443,23
1,389.698,42
1,389.952,36
1,390.207,34
1,390.461,31
1,390.716,44
1,390.97,31
1,391.225,38
1,391.479,32
1,391.733,28
1,391.988,45
1,392.242,32
1,392.497,43
1,392.751,34
1,393.005,33
1,393.26,33
1,393.514,42
1,393.768,24
1,394.023,40
1,394.277,25
1,394.531,38
1,394.786,37
1,395.04,39
1,395.294,41
1,395.549,33
1,395.803,39
1,396.057,37
1,396.311,26
1,396.566,38
1,396.82,38
1,397.074,34
1,397.328,44
1,397.583,39
1,397.837,46
1,398.091,31
1,398.345,38
1,398.599,29
1,398.853,37
1,399.108,47
1,399.362,44
1,399.616,45
1,399.87,38
1,400.124,39
1,400.378,49
1,400.633,43
1,400.887,37
1,401.141,50
1,401.395,41
1,401.649,51
1,401.903,44
1,402.157,42
1,402.411,43
1,402.665,51
1,402.919,37
1,403.173,38
1,403.427,46
1,403.681,40
1,403.935,48
1,404.189,45
1,404.443,44
1,404.697,55
1,404.951,51
1,405.205,42
1,405.459,51
1,405.713,48
1,405.967,52
1,406.221,58
1,406.475,52
1,406.729,47
1,406.983,49
1,407.237,47
1,407.491,46
1,407.745,48
1,407.999,57
1,408.252,43
1,408.506,50
1,408.76,43
1,409.014,52
1,409.268,57
1,409.522,53
1,409.775,53
1,410.029,44
1,410.283,49
1,410.537,56
1,410.791,45
1,411.045,55
1,411.298,49
1,411.552,54
1,411.806,44
1,412.06,50
1,412.313,63
1,412.567,44
1,412.821,60
1,413.075,55
1,413.328,55
1,413.582,52
1,413.836,49
1,414.089,56
1,414.343,59
1,414.597,55
1,414.85,47
1,415.104,48
1,415.358,61
1,415.611,52
1,415.865,55
1,416.119,54
1,416.372,57
1,416.626,58
1,416.879,53
1,417.133,55
1,417.387,51
1,417.64,49
1,417.894,60
1,418.147,46
1,418.401,47
1,418.654,46
1,418.908,46
1,419.162,45
1,419.415,42
1,419.669,55
1,419.922,62
1,420.176,52
1,420.429,52
1,420.683,54
1,420.936,41
1,421.189,45
1,421.443,46
1,421.696,45
1,421.95,44
1,422.203,53
1,422.457,47
1,422.71,49
1,422.963,50
1,423.217,56
1,423.47,50
1,423.724,53
1,423.977,33
1,424.23,49
1,424.484,46
1,424.737,41
1,424.99,46
1,425.244,46
1,425.497,47
1,425.75,34
1,426.004,45
1,426.257,39
1,426.51,55
1,426.764,46
1,427.017,45
1,427.27,38
1,427.523,49
1,427.777,38
1,428.03,47
1,428.283,45
1,428.536,41
1,428.79,47
1,429.043,40
1,429.296,38
1,429.549,43
1,429.802,35
1,430.056,51
1,430.309,34
1,430.562,40
1,430.815,38
1,431.068,42
1,431.321,39
1,431.575,42
1,431.828,34
1,432.081,34
1,432.334,38
1,432.587,40
1,432.84,34
1,433.093,30
1,433.346,39
1,433.599,38
1,433.852,36
1,434.105,41
1,434.358,41
1,434.612,45
1,434.865,44
1,435.118,41
1,435.371,37
1,435.624,32
1,435.877,39
1,436.13,43
1,436.383,38
1,436.635,25
1,436.888,42
1,437.141,43
1,437.394,41
1,437.647,41
1,437.9,35
1,438.153,49
1,438.406,42
1,438.659,39
1,438.912,54
1,439.165,42
1,439.418,43
1,439.671,34
1,439.923,41
1,440.176,44
1,440.429,45
1,440.682,40
1,440.935,44
1,441.188,46
1,441.44,43
1,441.693,39
1,441.946,48
1,442.199,51
1,442.452,45
1,442.704,50
1,442.957,49
1,443.21,51
1,443.463,54
1,443.715,56
1,443.968,49
1,444.221,56
1,444.474,54
1,444.726,59
1,444.979,67
1,445.232,55
1,445.484,67
1,445.737,54
1,445.99,63
1,446.242,69
1,446.495,68
1,446.748,63
1,447,68
1,447.253,72
1,447.506,61
1,447.758,85
1,448.011,75
1,448.263,75
1,448.516,74
1,448.769,86
1,449.021,76
1,449.274,86
1,449.526,79
1,449.779,79
1,450.031,77
1,450.284,88
1,450.536,91
1,450.789,100
1,451.041,102
1,451.294,104
1,451.546,98
1,451.799,92
1,452.051,106
1,452.304,104
1,452.556,101
1,452.809,111
1,453.061,113
1,453.314,114
1,453.566,112
1,453.818,126
1,454.071,126
1,454.323,128
1,454.576,140
1,454.828,137
1,455.08,133
1,455.333,137
1,455.585,135
1,455.838,134
1,456.09,143
1,456.342,148
1,456.595,156
1,456.847,150
1,457.099,150
1,457.351,156
1,457.604,159
1,457.856,162
1,458.108,169
1,458.361,174
1,458.613,174
1,458.865,171
1,459.117,177
1,459.37,171
1,459.622,189
1,459.874,182
1,460.126,196
1,460.378,207
1,460.631,211
1,460.883,207
1,461.135,209
1,461.387,219
1,461.639,219
1,461.892,210
1,462.144,226
1,462.396,226
1,462.648,248
1,462.9,244
1,463.152,256
1,463.404,244
1,463.656,247
1,463.909,252
1,464.161,261
1,464.413,269
1,464.665,270
1,464.917,288
1,465.169,285
1,465.421,267
1,465.673,293
1,465.925,315
1,466.177,296
1,466.429,311
1,466.681,306
1,466.933,320
1,467.185,321
1,467.437,322
1,467.689,333
1,467.941,341
1,468.193,345
1,468.445,346
1,468.697,350
1,468.949,357
1,469.201,369
1,469.453,371
1,469.704,387
1,469.956,388
1,470.208,385
1,470.46,398
1,470.712,409
1,470.964,414
1,471.216,426
1,471.468,425
1,471.719,425
1,471.971,443
1,472.223,454
1,472.475,445
1,472.727,459
1,472.979,467
1,473.23,451
1,473.482,460
1,473.734,499
1,473.986,486
1,474.237,491
1,474.489,509
1,474.741,510
1,474.993,530
1,475.244,546
1,475.496,529
1,475.748,539
1,476,548
1,476.251,540
1,476.503,567
1,476.755,579
1,477.006,581
1,477.258,592
1,477.51,587
1,477.761,626
1,478.013,597
1,478.265,609
1,478.516,624
1,478.768,634
1,479.019,637
1,479.271,642
1,479.523,670
1,479.774,662
1,480.026,654
1,480.277,691
1,480.529,687
1,480.78,717
1,481.032,673
1,481.283,705
1,481.535,693
1,481.787,719
1,482.038,701
1,482.29,734
1,482.541,743
1,482.793,758
1,483.044,748
1,483.295,759
1,483.547,785
1,483.798,770
1,484.05,766
1,484.301,782
1,484.553,786
1,484.804,784
1,485.056,804
1,485.307,788
1,485.558,827
1,485.81,816
1,486.061,822
1,486.312,837
1,486.564,838
1,486.815,841
1,487.067,820
1,487.318,841
1,487.569,831
1,487.821,861
1,488.072,879
1,488.323,877
1,488.574,882
1,488.826,880
1,489.077,901
1,489.328,884
1,489.58,905
1,489.831,908
1,490.082,893
1,490.333,924
1,490.585,935
1,490.836,931
1,491.087,947
1,491.338,922
1,491.589,924
1,491.841,951
1,492.092,950
1,492.343,959
1,492.594,958
1,492.845,973
1,493.096,968
1,493.348,964
1,493.599,973
1,493.85,995
1,494.101,998
1,494.352,984
1,494.603,990
1,494.854,971
1,495.105,1022
1,495.356,992
1,495.608,1042
1,495.859,1026
1,496.11,1026
1,496.361,1013
1,496.612,1026
1,496.863,1027
1,497.114,1041
1,497.365,1043
1,497.616,1066
1,497.867,1051
1,498.118,1087
1,498.369,1076
1,498.62,1055
1,498.871,1073
1,499.122,1090
1,499.373,1087
1,499.624,1065
1,499.875,1104
1,500.125,1097
1,500.376,1099
1,500.627,1122
1,500.878,1099
1,501.129,1124
1,501.38,1134
1,501.631,1126
1,501.882,1144
1,502.133,1161
1,502.383,1130
1,502.634,1137
1,502.885,1140
1,503.136,1160
1,503.387,1147
1,503.638,1168
1,503.888,1176
1,504.139,1166
1,504.39,1174
1,504.641,1170
1,504.892,1187
1,505.142,1186
1,505.393,1189
1,505.644,1183
1,505.895,1171
1,506.145,1210
1,506.396,1178
1,506.647,1190
1,506.897,1174
1,507.148,1219
1,507.399,1192
1,507.649,1234
1,507.9,1211
1,508.151,1212
1,508.401,1214
1,508.652,1238
1,508.903,1215
1,509.153,1235
1,509.404,1252
1,509.655,1240
1,509.905,1246
1,510.156,1238
1,510.406,1261
1,510.657,1274
1,510.908,1230
1,511.158,1249
1,511.409,1241
1,511.659,1270
1,511.91,1262
1,512.16,1242
1,512.411,1267
1,512.661,1263
1,512.912,1246
1,513.162,1256
1,513.413,1258
1,513.663,1270
1,513.914,1253
1,514.164,1258
1,514.415,1277
1,514.665,1242
1,514.916,1283
1,515.166,1232
1,515.417,1237
1,515.667,1251
1,515.917,1256
1,516.168,1232
1,516.418,1249
1,516.669,1254
1,516.919,1230
1,517.169,1263
1,517.42,1261
1,517.67,1251
1,517.921,1254
1,518.171,1244
1,518.421,1205
1,518.672,1212
1,518.922,1261
1,519.172,1198
1,519.422,1210
1,519.673,1195
1,519.923,1189
1,520.173,1208
1,520.424,1207
1,520.674,1213
1,520.924,1187
1,521.174,1177
1,521.425,1170
1,521.675,1206
1,521.925,1163
1,522.175,1150
1,522.425,1158
1,522.676,1159
1,522.926,1131
1,523.176,1144
1,523.426,1139
1,523.676,1133
1,523.926,1114
1,524.177,1107
1,524.427,1123
1,524.677,1082
1,524.927,1124
1,525.177,1096
1,525.427,1097
1,525.677,1087
1,525.927,1089
1,526.178,1062
1,526.428,1059
1,526.678,1053
1,526.928,1076
1,527.178,1042
1,527.428,1029
1,527.678,1030
1,527.928,1016
1,528.178,1020
1,528.428,1014
1,528.678,1014
1,528.928,1006
1,529.178,1010
1,529.428,1012
1,529.678,983
1,529.928,991
1,530.178,979
1,530.428,945
1,530.678,946
1,530.928,976
1,531.177,954
1,531.427,940
1,531.677,947
1,531.927,944
1,532.177,925
1,532.427,938
1,532.677,921
1,532.927,932
1,533.177,918
1,533.426,903
1,533.676,898
1,533.926,915
1,534.176,887
1,534.426,901
1,534.676,875
1,534.925,869
1,535.175,873
1,535.425,882
1,535.675,872
1,535.924,870
1,536.174,869
1,536.424,861
1,536.674,821
1,536.923,840
1,537.173,835
1,537.423,819
1,537.673,820
1,537.922,839
1,538.172,812
1,538.422,806
1,538.671,797
1,538.921,806
1,539.171,801
1,539.42,793
1,539.67,783
1,539.92,813
1,540.169,784
1,540.419,777
1,540.668,774
1,540.918,751
1,541.168,762
1,541.417,755
1,541.667,742
1,541.916,769
1,542.166,726
1,542.416,734
1,542.665,736
1,542.915,726
1,543.164,720
1,543.414,698
1,543.663,710
1,543.913,722
1,544.162,692
1,544.412,688
1,544.661,693
1,544.911,673
1,545.16,665
1,545.41,687
1,545.659,635
1,545.908,647
1,546.158,652
1,546.407,634
1,546.657,642
1,546.906,640
1,547.156,609
1,547.405,626
1,547.654,609
1,547.904,625
1,548.153,594
1,548.402,595
1,548.652,597
1,548.901,581
1,549.15,581
1,549.4,588
1,549.649,573
1,549.898,545
1,550.148,554
1,550.397,561
1,550.646,546
1,550.896,545
1,551.145,541
1,551.394,528
1,551.643,525
1,551.893,519
1,552.142,523
1,552.391,512
1,552.64,517
1,552.89,507
1,553.139,493
1,553.388,482
1,553.637,497
1,553.886,478
1,554.135,473
1,554.385,470
1,554.634,474
1,554.883,450
1,555.132,448
1,555.381,429
1,555.63,438
1,555.879,443
1,556.129,428
1,556.378,415
1,556.627,416
1,556.876,428
1,557.125,408
1,557.374,396
1,557.623,398
1,557.872,395
1,558.121,403
1,558.37,391
1,558.619,381
1,558.868,371
1,559.117,362
1,559.366,351
1,559.615,368
1,559.864,365
1,560.113,357
1,560.362,365
1,560.611,348
1,560.86,328
1,561.109,338
1,561.358,325
1,561.607,326
1,561.856,321
1,562.105,312
1,562.354,308
1,562.603,304
1,562.851,303
1,563.1,303
1,563.349,286
1,563.598,292
1,563.847,280
1,564.096,279
1,564.345,272
1,564.593,278
1,564.842,261
1,565.091,265
1,565.34,258
1,565.589,249
1,565.838,244
1,566.086,243
1,566.335,243
1,566.584,227
1,566.833,224
1,567.081,228
1,567.33,217
1,567.579,213
1,567.828,217
1,568.076,204
1,568.325,215
1,568.574,207
1,568.822,196
1,569.071,181
1,569.32,190
1,569.568,194
1,569.817,178
1,570.066,181
1,570.314,186
1,570.563,180
1,570.812,172
1,571.06,168
1,571.309,157
1,571.558,172
1,571.806,166
1,572.055,164
1,572.303,153
1,572.552,152
1,572.8,138
1,573.049,144
1,573.298,151
1,573.546,118
1,573.795,138
1,574.043,123
1,574.292,132
1,574.54,113
1,574.789,129
1,575.037,123
1,575.286,119
1,575.534,121
1,575.783,104
1,576.031,117
1,576.28,110
1,576.528,109
1,576.776,124
1,577.025,98
1,577.273,108
1,577.522,100
1,577.77,86
1,578.018,97
1,578.267,89
1,578.515,94
1,578.764,91
1,579.012,93
1,579.26,87
1,579.509,87
1,579.757,79
1,580.005,70
1,580.254,71
1,580.502,80
1,580.75,65
1,580.999,71
1,581.247,66
1,581.495,68
1,581.743,67
1,581.992,74
1,582.24,62
1,582.488,65
1,582.736,66
1,582.985,55
1,583.233,64
1,583.481,62
1,583.729,54
1,583.978,51
1,584.226,61
1,584.474,60
1,584.722,59
1,584.97,53
1,585.218,50
1,585.467,49
1,585.715,46
1,585.963,51
1,586.211,48
1,586.459,55
1,586.707,48
1,586.955,44
1,587.203,36
1,587.452,56
1,587.7,52
1,587.948,46
1,588.196,40
1,588.444,49
1,588.692,51
1,588.94,47
1,589.188,49
1,589.436,44
1,589.684,49
1,589.932,42
1,590.18,56
1,590.428,48
1,590.676,45
1,590.924,53
1,591.172,44
1,591.42,55
1,591.668,47
1,591.916,44
1,592.164,46
1,592.412,61
1,592.659,46
1,592.907,51
1,593.155,58
1,593.403,50
1,593.651,61
1,593.899,56
1,594.147,58
1,594.395,50
1,594.643,69
1,594.89,56
1,595.138,62
1,595.386,64
1,595.634,62
1,595.882,61
1,596.129,63
1,596.377,67
1,596.625,67
1,596.873,65
1,597.121,74
1,597.368,66
1,597.616,78
1,597.864,81
1,598.112,86
1,598.359,75
1,598.607,79
1,598.855,87
1,599.102,84
1,599.35,87
1,599.598,89
1,599.846,80
1,600.093,88
1,600.341,93
1,600.589,104
1,600.836,93
1,601.084,105
1,601.331,109
1,601.579,106
1,601.827,104
1,602.074,108
1,602.322,119
1,602.57,104
1,602.817,113
1,603.065,120
1,603.312,129
1,603.56,108
1,603.807,127
1,604.055,132
1,604.302,129
1,604.55,122
1,604.797,148
1,605.045,148
1,605.293,142
1,605.54,153
1,605.787,135
1,606.035,155
1,606.282,157
1,606.53,162
1,606.777,158
1,607.025,154
1,607.272,168
1,607.52,172
1,607.767,171
1,608.015,170
1,608.262,186
1,608.509,169
1,608.757,179
1,609.004,183
1,609.251,187
1,609.499,200
1,609.746,214
1,609.994,217
1,610.241,218
1,610.488,212
1,610.736,223
1,610.983,226
1,611.23,229
1,611.477,224
1,611.725,222
1,611.972,236
1,612.219,238
1,612.467,254
1,612.714,247
1,612.961,254
1,613.208,255
1,613.456,255
1,613.703,268
1,613.95,272
1,614.197,277
1,614.444,266
1,614.692,277
1,614.939,276
1,615.186,299
1,615.433,274
1,615.68,300
1,615.927,297
1,616.175,300
1,616.422,310
1,616.669,307
1,616.916,312
1,617.163,313
1,617.41,320
1,617.657,320
1,617.904,322
1,618.152,333
1,618.399,336
1,618.646,346
1,618.893,342
1,619.14,350
1,619.387,352
1,619.634,357
1,619.881,355
1,620.128,372
1,620.375,371
1,620.622,369
1,620.869,376
1,621.116,389
1,621.363,394
1,621.61,388
1,621.857,402
1,622.104,397
1,622.351,415
1,622.598,415
1,622.845,397
1,623.091,424
1,623.338,422
1,623.585,426
1,623.832,453
1,624.079,434
1,624.326,459
1,624.573,457
1,624.82,454
1,625.067,450
1,625.313,451
1,625.56,453
1,625.807,482
1,626.054,467
1,626.301,490
1,626.547,472
1,626.794,477
1,627.041,493
1,627.288,497
